function [W11,W12,W21,W22] = Weights()

%This function takes no parameters but returns the weights previously
%trained from the 2 layer network.


W11 = [1.70187041815737	-0.410873267412914	2.03490189770222;
-1.97121422339686	4.33962973333438	-2.40134261603502;
1.96990037331265	0.266479341024705	-0.656123719918408;
0.228848410102032	-1.35816223803100	-1.25471273176094;
2.08741699923767	0.0202646117314350	-0.624638879192640;
4.03809108866789	4.27179364543820	-0.448423185189546;
0.584791831089161	-0.0994494874386979	-0.868339281597128;
-0.489532663902681	-6.78946717307607	-0.216816711188137;
0.432005639837812	-0.354365713925295	-0.736808479069353;
0.999673880829807	-0.0276978829139984	-0.448464821642704];

W12 = [-1.26933510798180	3.99193868711415	1.84103666795683	0.120962320967058	1.80703777949798	-2.57275029061115	0.295498684932437	3.00370994620303	-0.0149986225361137	0.643807915196055	0.326585537403085];


W21 = [2.79229282367396	-1.07922103391179	1.88029574224730;
0.268608544822047	0.190355298240408	-0.832742277138550;
1.54949413687166	2.21780745394792	-2.02809699788495;
1.46813806209960	4.20318341704635	-2.44083104389089;
0.581281522716996	-0.420513991022019	-0.638781632697551;
3.13669549495241	0.867379069958606	1.16779286624804;
3.34328735745881	-2.59446698900437	-1.62286310365372;
0.374538702184455	0.0160968731979241	-0.738587909594382;
1.69253235730764	2.84384936626582	-2.12362212905006;
0.112574273687896	0.00395960345890525	-0.457495625457847];

W22 = [2.13438237066981	-0.494017862737123	-1.52647811063924	-3.06385783742954	-0.516620590676027	4.60000282750638	-3.67984464274858	-0.0322590111102121	-2.00686523338325	-0.552908516802654	-0.607738790445479];




end

